   4.1666667e-03   0.0000000e+00   0.0000000e+00
   3.3333333e-02   0.0000000e+00   2.5000000e-02
   6.6666667e-02   0.0000000e+00   5.8333333e-02
   9.5833333e-02   0.0000000e+00   8.7500000e-02
   1.2916667e-01   0.0000000e+00   1.2083333e-01
   1.5833333e-01   0.0000000e+00   1.5000000e-01
   1.8333333e-01   0.0000000e+00   1.7500000e-01
   1.8333333e-01   0.0000000e+00   2.0416667e-01
   1.6250000e-01   0.0000000e+00   2.3333333e-01
   1.4166667e-01   0.0000000e+00   2.6250000e-01
   1.1666667e-01   0.0000000e+00   2.9166667e-01
   9.5833333e-02   0.0000000e+00   3.2083333e-01
   7.5000000e-02   0.0000000e+00   3.5416667e-01
   5.4166667e-02   0.0000000e+00   3.8333333e-01
   2.9166667e-02   0.0000000e+00   4.1250000e-01
   8.3333333e-03   0.0000000e+00   4.4166667e-01
   0.0000000e+00   1.6666667e-02   4.6666667e-01
   0.0000000e+00   5.4166667e-02   4.6666667e-01
   0.0000000e+00   1.0000000e-01   4.6666667e-01
   0.0000000e+00   1.4583333e-01   4.6666667e-01
   0.0000000e+00   1.9166667e-01   4.6666667e-01
   0.0000000e+00   2.3750000e-01   4.6666667e-01
   0.0000000e+00   2.8333333e-01   4.6666667e-01
   0.0000000e+00   3.2916667e-01   4.6666667e-01
   0.0000000e+00   3.7500000e-01   4.6666667e-01
   0.0000000e+00   4.2083333e-01   4.6666667e-01
   0.0000000e+00   4.6666667e-01   4.6666667e-01
   0.0000000e+00   4.8333333e-01   4.4166667e-01
   0.0000000e+00   5.0833333e-01   3.9583333e-01
   0.0000000e+00   5.3333333e-01   3.5416667e-01
   0.0000000e+00   5.5833333e-01   3.0833333e-01
   0.0000000e+00   5.8333333e-01   2.6250000e-01
   0.0000000e+00   6.0833333e-01   2.2083333e-01
   0.0000000e+00   6.3333333e-01   1.7500000e-01
   0.0000000e+00   6.6250000e-01   1.2916667e-01
   0.0000000e+00   6.8750000e-01   8.7500000e-02
   0.0000000e+00   7.1250000e-01   4.1666667e-02
   2.0833333e-02   7.3333333e-01   0.0000000e+00
   8.3333333e-02   7.4166667e-01   0.0000000e+00
   1.7500000e-01   7.5416667e-01   0.0000000e+00
   2.6250000e-01   7.6666667e-01   0.0000000e+00
   3.5000000e-01   7.8333333e-01   0.0000000e+00
   4.3750000e-01   7.9583333e-01   0.0000000e+00
   5.2916667e-01   8.0833333e-01   0.0000000e+00
   6.1666667e-01   8.2500000e-01   0.0000000e+00
   7.0416667e-01   8.3750000e-01   0.0000000e+00
   7.9583333e-01   8.5000000e-01   0.0000000e+00
   8.6666667e-01   8.4166667e-01   0.0000000e+00
   8.7916667e-01   7.5000000e-01   0.0000000e+00
   8.9166667e-01   6.7916667e-01   0.0000000e+00
   9.0416667e-01   5.8750000e-01   0.0000000e+00
   9.1666667e-01   5.0000000e-01   0.0000000e+00
   9.3333333e-01   4.0833333e-01   0.0000000e+00
   9.4583333e-01   3.1666667e-01   0.0000000e+00
   9.6250000e-01   2.2500000e-01   0.0000000e+00
   9.7500000e-01   1.3333333e-01   0.0000000e+00
   9.9166667e-01   4.1666667e-02   0.0000000e+00
   1.0000000e+00   6.6666667e-02   3.3333333e-02
   1.0000000e+00   2.0416667e-01   1.7083333e-01
   1.0000000e+00   3.0833333e-01   2.7083333e-01
   1.0000000e+00   4.4583333e-01   4.0833333e-01
   1.0000000e+00   5.8333333e-01   5.4583333e-01
   1.0000000e+00   7.2083333e-01   6.8333333e-01
   1.0000000e+00   8.5833333e-01   8.2083333e-01
