   0.0000000e+00   0.0000000e+00   1.0000000e+00
   0.0000000e+00   0.0000000e+00   9.6774194e-01
   0.0000000e+00   0.0000000e+00   9.3548387e-01
   0.0000000e+00   0.0000000e+00   9.0322581e-01
   0.0000000e+00   0.0000000e+00   8.7096774e-01
   0.0000000e+00   0.0000000e+00   8.3870968e-01
   0.0000000e+00   0.0000000e+00   8.0645161e-01
   0.0000000e+00   0.0000000e+00   7.7419355e-01
   0.0000000e+00   0.0000000e+00   7.4193548e-01
   0.0000000e+00   0.0000000e+00   7.0967742e-01
   0.0000000e+00   0.0000000e+00   6.7741935e-01
   0.0000000e+00   0.0000000e+00   6.4516129e-01
   0.0000000e+00   0.0000000e+00   6.1290323e-01
   0.0000000e+00   0.0000000e+00   5.8064516e-01
   0.0000000e+00   0.0000000e+00   5.4838710e-01
   0.0000000e+00   0.0000000e+00   5.1612903e-01
   0.0000000e+00   0.0000000e+00   4.8387097e-01
   0.0000000e+00   0.0000000e+00   4.5161290e-01
   0.0000000e+00   0.0000000e+00   4.1935484e-01
   0.0000000e+00   0.0000000e+00   3.8709677e-01
   0.0000000e+00   0.0000000e+00   3.5483871e-01
   0.0000000e+00   0.0000000e+00   3.2258065e-01
   0.0000000e+00   0.0000000e+00   2.9032258e-01
   0.0000000e+00   0.0000000e+00   2.5806452e-01
   0.0000000e+00   0.0000000e+00   2.2580645e-01
   0.0000000e+00   0.0000000e+00   1.9354839e-01
   0.0000000e+00   0.0000000e+00   1.6129032e-01
   0.0000000e+00   0.0000000e+00   1.2903226e-01
   0.0000000e+00   0.0000000e+00   9.6774194e-02
   0.0000000e+00   0.0000000e+00   6.4516129e-02
   0.0000000e+00   0.0000000e+00   3.2258065e-02
   0.0000000e+00   0.0000000e+00   0.0000000e+00
   3.1250000e-02   0.0000000e+00   0.0000000e+00
   6.2500000e-02   0.0000000e+00   0.0000000e+00
   9.3750000e-02   0.0000000e+00   0.0000000e+00
   1.2500000e-01   0.0000000e+00   0.0000000e+00
   1.5625000e-01   0.0000000e+00   0.0000000e+00
   1.8750000e-01   0.0000000e+00   0.0000000e+00
   2.1875000e-01   0.0000000e+00   0.0000000e+00
   2.5000000e-01   0.0000000e+00   0.0000000e+00
   2.8125000e-01   0.0000000e+00   0.0000000e+00
   3.1250000e-01   0.0000000e+00   0.0000000e+00
   3.4375000e-01   0.0000000e+00   0.0000000e+00
   3.7500000e-01   0.0000000e+00   0.0000000e+00
   4.0625000e-01   0.0000000e+00   0.0000000e+00
   4.3750000e-01   0.0000000e+00   0.0000000e+00
   4.6875000e-01   0.0000000e+00   0.0000000e+00
   5.0000000e-01   0.0000000e+00   0.0000000e+00
   5.3125000e-01   0.0000000e+00   0.0000000e+00
   5.6250000e-01   0.0000000e+00   0.0000000e+00
   5.9375000e-01   0.0000000e+00   0.0000000e+00
   6.2500000e-01   0.0000000e+00   0.0000000e+00
   6.5625000e-01   0.0000000e+00   0.0000000e+00
   6.8750000e-01   0.0000000e+00   0.0000000e+00
   7.1875000e-01   0.0000000e+00   0.0000000e+00
   7.5000000e-01   0.0000000e+00   0.0000000e+00
   7.8125000e-01   0.0000000e+00   0.0000000e+00
   8.1250000e-01   0.0000000e+00   0.0000000e+00
   8.4375000e-01   0.0000000e+00   0.0000000e+00
   8.7500000e-01   0.0000000e+00   0.0000000e+00
   9.0625000e-01   0.0000000e+00   0.0000000e+00
   9.3750000e-01   0.0000000e+00   0.0000000e+00
   9.6875000e-01   0.0000000e+00   0.0000000e+00
   1.0000000e+00   0.0000000e+00   0.0000000e+00
